8657868346
9156263862
8082139900
9022902618
9211758238
7011200795
7900053062
8104367071
7829488214
9850771266
9226392692
7410747427
9096054571
8793658793
9975998095
9967259275
9923231681
9890994167
9890887018
9975751803
7798818899
9579054546
8080247118
9595333818
8484858528
9860931093
9822490350
9822462565
9823440723
9860608406
7219384394
9922563312
8007396925
8983279777
9860387689
7004565573
7029819689
7006426979
6391179990
7795969655
9664161896
9810314565
8600987982
8459695327
9509662430
8787443129
7439982013
8805723076
9425303974
8087472757
8270610622
9520677540
7020991906
8310959574
7387626381
7387626381
8485885128
9101205511
9766765327
8655180000
9309981245
9971101666
8788218502
9762228509
7005776588
9573929332
9164554201

